4294967278,53
4294967278,52
4294967278,46
4294967279,55
4294967279,54
4294967279,53
4294967279,52
4294967279,46
4294967279,40
4294967279,35
4294967279,15
4294967279,13
4294967279,7
11,6
4294967294,1823
4294967278,236
11,5
4294967278,234
11,4
11,3
11,2
11,1
4294967278,230
10,5
10,4
10,3
10,2
10,1
4294967279,473
4294967279,280
9,4
9,3
9,2
9,1
4294967278,211
4294967294,1822
4294967278,209
4294967278,208
8,5
4294967294,387
4294967294,46
4294967278,206
8,4
8,3
8,2
8,1
4294967278,203
4294967278,202
7,4
7,3
7,2
7,1
4294967279,472
4294967278,201
0,7
4294967294,45
4294967294,44
4294967294,1314
4294967294,51
4294967294,29
4294967294,28
4294967294,1331
4294967294,27
4294967294,598
4294967294,1172
4294967294,1312
4294967294,120
4294967294,1
4294967294,2
4294967294,107
4294967294,50
4294967294,91
4294967294,90
4294967294,87
4294967294,86
4294967294,85
4294967294,84
4294967294,53
4294967294,96
4294967294,94
4294967294,25
4294967278,194
4294967294,82
4294967278,193
4294967278,192
2,4
4294967294,7
4294967294,6
4294967294,5
4294967294,22
4294967294,17
4294967294,42
4294967294,67
4294967294,99
4294967294,76
4294967294,41
4294967294,1282
4294967294,43
4294967294,1040
4294967294,471
4294967294,81
4294967294,1162
4294967294,68
4294967294,11
4294967294,92
4294967294,88
4294967294,104
4294967294,106
4294967294,166
4294967294,24
4294967294,184
4294967294,384
4294967294,26
4294967294,188
4294967294,185
4294967294,1418
4294967294,83
4294967293,131
4294967293,130
4294967293,129
4294967293,128
4294967293,127
4294967293,126
4294967293,125
4294967293,124
4294967293,123
4294967293,122
4294967293,121
4294967293,120
4294967293,119
4294967293,118
4294967293,117
4294967293,116
4294967293,115
4294967293,114
4294967293,113
4294967293,112
4294967293,111
4294967293,110
4294967293,109
4294967293,108
4294967293,107
4294967293,106
4294967293,105
4294967293,104
4294967293,103
4294967293,102
4294967293,101
4294967293,100
4294967293,99
4294967293,98
4294967293,97
4294967293,96
4294967293,95
4294967293,94
4294967293,93
4294967293,92
4294967293,91
4294967293,90
4294967293,89
4294967293,87
4294967293,86
4294967293,85
4294967293,84
4294967293,83
4294967293,82
4294967293,81
4294967293,80
4294967293,79
4294967293,78
4294967293,77
4294967293,76
4294967293,75
4294967293,74
4294967293,73
4294967293,72
4294967293,71
4294967293,70
4294967293,69
4294967293,68
4294967293,67
4294967293,66
4294967293,65
4294967293,64
4294967293,63
4294967293,62
4294967293,61
4294967293,60
4294967293,59
4294967293,58
4294967293,57
4294967293,56
4294967293,55
4294967293,54
4294967293,53
4294967293,52
4294967293,51
4294967293,50
4294967293,49
4294967293,48
4294967293,47
4294967293,46
4294967293,45
4294967293,44
4294967293,43
4294967293,42
4294967293,41
4294967293,40
4294967293,39
4294967293,38
4294967293,37
4294967293,36
4294967293,35
4294967293,34
4294967293,33
4294967293,32
4294967293,31
4294967293,30
4294967293,29
4294967293,28
4294967293,27
4294967293,26
4294967293,25
4294967293,24
4294967293,23
4294967293,22
4294967293,21
4294967293,20
4294967293,19
4294967293,18
4294967293,17
4294967293,16
4294967293,15
4294967293,14
4294967293,13
4294967293,12
4294967293,11
4294967293,10
4294967293,9
4294967293,8
4294967293,7
4294967293,6
4294967293,5
4294967293,4
4294967293,3
4294967278,340
4294967278,132
4294967278,131
4294967278,130
4294967278,256
4294967278,129
4294967278,128
4294967278,336
4294967278,127
4294967278,125
4294967278,362
4294967278,123
4294967278,354
4294967278,122
4294967278,373
4294967278,243
4294967278,117
4294967278,227
4294967278,108
4294967278,372
4294967278,360
4294967278,92
4294967278,353
4294967278,91
4294967278,359
4294967278,86
4294967278,371
4294967278,85
4294967278,352
4294967278,82
4294967278,351
4294967278,350
4294967278,75
4294967278,370
4294967278,349
4294967278,65
4294967278,369
4294967278,64
4294967278,60
4294967278,59
4294967278,55
4294967278,54
4294967278,50
4294967278,348
4294967278,49
4294967278,368
4294967278,48
4294967278,47
4294967278,358
4294967278,45
4294967278,346
4294967278,44
4294967278,367
4294967278,43
4294967278,42
4294967278,357
4294967278,40
4294967278,345
4294967278,39
4294967278,38
4294967278,356
4294967278,289
4294967278,355
4294967278,344
4294967278,343
4294967278,366
4294967278,342
4294967278,347
4294967278,174
4294967278,0
4294967278,260
4294967279,427
4294967279,396
4294967279,425
4294967279,2
4294967279,174
4294967279,102
4294967279,422
4294967279,415
4294967279,91
4294967279,90
4294967279,89
4294967279,87
4294967279,421
4294967279,414
4294967279,85
4294967279,413
4294967279,84
4294967279,412
4294967279,410
4294967279,82
4294967279,409
4294967279,81
4294967279,80
4294967279,79
4294967279,78
4294967279,408
4294967279,407
4294967279,406
4294967279,405
4294967279,420
4294967279,51
4294967279,50
4294967279,404
4294967279,48
4294967279,47
4294967279,403
4294967279,44
4294967279,43
4294967279,41
4294967279,411
4294967279,419
4294967279,402
4294967279,39
4294967279,38
4294967279,37
4294967279,36
4294967279,34
4294967279,33
4294967279,32
4294967279,31
4294967279,418
4294967279,30
4294967279,29
4294967279,28
4294967279,27
4294967279,26
4294967279,25
4294967279,277
4294967279,24
4294967279,23
4294967279,22
4294967279,21
4294967279,417
4294967279,20
4294967279,401
4294967279,19
4294967279,18
4294967279,17
4294967279,16
4294967279,400
4294967279,14
4294967279,9
4294967279,88
4294967279,0
4294967279,260
4294967279,281
4294967279,4
4294967294,472
4294967294,1420
4294967294,1067
4294967294,196
4294967294,1025
4294967294,425
4294967294,1452
4294967294,414
4294967294,186
4294967294,8
4294967294,402
4294967294,1419
4294967294,1000
4294967294,998
4294967294,997
4294967294,995
4294967294,0
4294967294,994
4294967294,993
4294967294,735
4294967294,991
4294967294,466
4294967294,990
4294967294,989
4294967294,988
4294967294,985
4294967294,981
4294967294,980
4294967294,979
4294967294,977
4294967294,976
4294967294,464
4294967294,970
4294967294,968
4294967294,967
4294967294,964
4294967294,963
4294967294,961
4294967294,958
4294967294,957
4294967294,956
4294967294,954
4294967294,731
4294967294,193
4294967294,952
4294967294,949
4294967294,946
4294967294,939
4294967294,935
4294967294,934
4294967294,933
4294967294,930
4294967294,929
4294967294,928
4294967294,461
4294967294,923
4294967294,922
4294967294,407
4294967294,921
4294967294,916
4294967294,915
4294967294,728
4294967294,914
4294967294,911
4294967294,130
4294967294,910
4294967294,458
4294967294,909
4294967294,906
4294967294,904
4294967294,903
4294967294,902
4294967294,901
4294967294,900
4294967294,899
4294967294,898
4294967294,896
4294967294,895
4294967294,894
4294967294,893
4294967294,891
4294967294,889
4294967294,888
4294967294,887
4294967294,886
4294967294,885
4294967294,884
4294967294,883
4294967294,882
4294967294,881
4294967294,877
4294967294,876
4294967294,873
4294967294,871
4294967294,870
4294967294,869
4294967294,867
4294967294,863
4294967294,862
4294967294,860
4294967294,858
4294967294,856
4294967294,855
4294967294,854
4294967294,851
4294967294,850
4294967294,849
4294967294,848
4294967294,733
4294967294,847
4294967294,723
4294967294,844
4294967294,841
4294967294,840
4294967294,839
4294967294,835
4294967294,834
4294967294,832
4294967294,830
4294967294,828
4294967294,826
4294967294,824
4294967294,823
4294967294,822
4294967294,820
4294967294,819
4294967294,818
4294967294,817
4294967294,816
4294967294,815
4294967294,409
4294967294,813
4294967294,812
4294967294,811
4294967294,810
4294967294,808
4294967294,806
4294967294,805
4294967294,804
4294967294,716
4294967294,801
4294967294,800
4294967294,799
4294967294,798
4294967294,194
4294967294,797
4294967294,796
4294967294,791
4294967294,790
4294967294,788
4294967294,787
4294967294,786
4294967294,785
4294967294,782
4294967294,780
4294967294,779
4294967294,774
4294967294,771
4294967294,714
4294967294,768
4294967294,703
4294967294,702
4294967294,700
4294967294,697
4294967294,696
4294967294,693
4294967294,691
4294967294,688
4294967294,687
4294967294,686
4294967294,685
4294967294,684
4294967294,681
4294967294,680
4294967294,677
4294967294,675
4294967294,671
4294967294,670
4294967294,669
4294967294,707
4294967294,668
4294967294,663
4294967294,660
4294967294,658
4294967294,655
4294967294,727
4294967294,654
4294967294,651
4294967294,650
4294967294,649
4294967294,648
4294967294,645
4294967294,644
4294967294,642
4294967294,641
4294967294,640
4294967294,635
4294967294,633
4294967294,628
4294967294,627
4294967294,625
4294967294,620
4294967294,617
4294967294,616
4294967294,639
4294967294,613
4294967294,719
4294967294,712
4294967294,610
4294967294,608
4294967294,607
4294967294,730
4294967294,606
4294967294,726
4294967294,717
4294967294,709
4294967294,729
4294967294,704
4294967294,605
4294967294,718
4294967294,878
4294967294,706
4294967294,70
4294967294,724
4294967294,72
4294967294,875
4294967294,715
4294967294,71
1,0
4294967294,156
4294967294,1584
4294967294,128
4294967294,423
4294967294,1289
4294967294,1412
4294967294,390
4294967294,420
4294967294,1415
4294967294,586
4294967294,495
4294967294,493
4294967294,1409
4294967294,492
4294967294,393
4294967294,1290
4294967294,1463
4294967294,1471
4294967294,1469
4294967294,1454
4294967294,439
4294967294,1467
4294967294,1459
4294967294,1466
4294967294,1465
4294967294,430
4294967294,1444
4294967294,1451
4294967294,446
4294967294,602
4294967294,1421
4294967294,542
4294967294,541
4294967294,540
4294967294,539
4294967294,538
4294967294,536
4294967294,537
4294967294,535
4294967294,534
4294967294,533
